0 0 0
0 1 0
0 2 0
0 3 0
0 4 0
0 5 0
0 6 0
0 7 0
0 8 0
0 9 0
0 10 0
0 11 0
0 12 0
0 13 0
0 14 0
0 15 0
0 16 0
0 17 0
0 18 0
0 19 0
0 20 0
0 21 0
0 22 0
0 23 0
0 24 0
0 25 0
0 26 0
0 27 0
0 28 0
0 29 0
0 30 0
0 31 0
0 32 0
0 33 0
0 34 0
0 35 0
0 36 0
0 37 0
0 38 0
0 39 0
0 40 0
0 41 0
0 42 0
0 43 0
0 44 0
0 45 0
0 46 0
0 47 0
0 48 0
0 49 0
0 50 0
0 51 0
0 52 0
0 53 0
0 54 0
0 55 0
0 56 0
0 57 0
0 58 0
1 0 0
1 1 0
1 2 0
1 3 0
1 4 0
1 5 0
1 6 0
1 7 0
1 8 0
1 9 0
1 10 0
1 11 0
1 12 0
1 13 0
1 14 0
1 15 0
1 16 0
1 17 0
1 18 0
1 19 0
1 20 0
1 21 0
1 22 0
1 23 0
1 24 0
1 25 0
1 26 0
1 27 0
1 28 0
1 29 0
1 30 0
1 31 0
1 32 0
1 33 0
1 34 0
1 35 0
1 36 0
1 37 0
1 38 0
1 39 0
1 40 0
1 41 0
1 42 0
1 43 0
1 44 0
1 45 0
1 46 0
1 47 0
1 48 0
1 49 0
1 50 0
1 51 0
1 52 0
1 53 0
1 54 0
1 55 0
1 56 0
1 57 0
1 58 0
2 0 0
2 1 0
2 2 0
2 3 0
2 4 0
2 5 0
2 6 0
2 7 0
2 8 0
2 9 0
2 10 0
2 11 0
2 12 0
2 13 0
2 14 0
2 15 0
2 16 0
2 17 0
2 18 0
2 19 0
2 20 0
2 21 0
2 22 0
2 23 0
2 24 0
2 25 0
2 26 0
2 27 0
2 28 0
2 29 0
2 30 0
2 31 0
2 32 0
2 33 0
2 34 0
2 35 0
2 36 0
2 37 0
2 38 0
2 39 0
2 40 0
2 41 0
2 42 0
2 43 0
2 44 0
2 45 0
2 46 0
2 47 0
2 48 0
2 49 0
2 50 0
2 51 0
2 52 0
2 53 0
2 54 0
2 55 0
2 56 0
2 57 0
2 58 0
3 0 0
3 1 0
3 2 0
3 3 0
3 4 0
3 5 0
3 6 0
3 7 0
3 8 0
3 9 0
3 10 0
3 11 0
3 12 0
3 13 0
3 14 0
3 15 0
3 16 0
3 17 0
3 18 0
3 19 0
3 20 0
3 21 0
3 22 0
3 23 0
3 24 0
3 25 0
3 26 0
3 27 0
3 28 0
3 29 0
3 30 0
3 31 0
3 32 0
3 33 0
3 34 0
3 35 0
3 36 0
3 37 0
3 38 0
3 39 0
3 40 0
3 41 0
3 42 0
3 43 0
3 44 0
3 45 0
3 46 0
3 47 0
3 48 0
3 49 0
3 50 0
3 51 0
3 52 0
3 53 0
3 54 0
3 55 0
3 56 0
3 57 0
3 58 0
4 0 0
4 1 0
4 2 0
4 3 0
4 4 0
4 5 0
4 6 0
4 7 0
4 8 0
4 9 0
4 10 0
4 11 0
4 12 0
4 13 0
4 14 0
4 15 0
4 16 0
4 17 0
4 18 0
4 19 0
4 20 0
4 21 0
4 22 0
4 23 0
4 24 0
4 25 0
4 26 0
4 27 0
4 28 0
4 29 0
4 30 0
4 31 0
4 32 0
4 33 0
4 34 0
4 35 0
4 36 0
4 37 0
4 38 0
4 39 0
4 40 0
4 41 0
4 42 0
4 43 0
4 44 0
4 45 0
4 46 0
4 47 0
4 48 0
4 49 0
4 50 0
4 51 0
4 52 0
4 53 0
4 54 0
4 55 0
4 56 0
4 57 0
4 58 0
5 0 0
5 1 0
5 2 0
5 3 0
5 4 0
5 5 0
5 6 0
5 7 0
5 8 0
5 9 0
5 10 0
5 11 0
5 12 0
5 13 0
5 14 0
5 15 0
5 16 0
5 17 0
5 18 0
5 19 0
5 20 0
5 21 0
5 22 0
5 23 0
5 24 0
5 25 0
5 26 0
5 27 0
5 28 0
5 29 0
5 30 0
5 31 0
5 32 0
5 33 0
5 34 0
5 35 0
5 36 0
5 37 0
5 38 0
5 39 0
5 40 0
5 41 0
5 42 0
5 43 0
5 44 0
5 45 0
5 46 0
5 47 0
5 48 0
5 49 0
5 50 0
5 51 0
5 52 0
5 53 0
5 54 0
5 55 0
5 56 0
5 57 0
5 58 0
6 0 0
6 1 0
6 2 0
6 3 0
6 4 0
6 5 0
6 6 0
6 7 0
6 8 0
6 9 0
6 10 0
6 11 0
6 12 0
6 13 0
6 14 0
6 15 0
6 16 0
6 17 0
6 18 0
6 19 0
6 20 0
6 21 0
6 22 0
6 23 0
6 24 0
6 25 0
6 26 0
6 27 0
6 28 0
6 29 0
6 30 0
6 31 0
6 32 0
6 33 0
6 34 0
6 35 0
6 36 0
6 37 0
6 38 0
6 39 0
6 40 0
6 41 0
6 42 0
6 43 0
6 44 0
6 45 0
6 46 0
6 47 0
6 48 0
6 49 0
6 50 0
6 51 0
6 52 0
6 53 0
6 54 0
6 55 0
6 56 0
6 57 0
6 58 0
7 0 0
7 1 0
7 2 0
7 3 0
7 4 0
7 5 0
7 6 0
7 7 0
7 8 0
7 9 0
7 10 0
7 11 0
7 12 0
7 13 0
7 14 0
7 15 0
7 16 0
7 17 0
7 18 0
7 19 0
7 20 0
7 21 0
7 22 0
7 23 0
7 24 0
7 25 0
7 26 0
7 27 0
7 28 0
7 29 0
7 30 0
7 31 0
7 32 0
7 33 0
7 34 0
7 35 0
7 36 0
7 37 0
7 38 0
7 39 0
7 40 0
7 41 0
7 42 0
7 43 0
7 44 0
7 45 0
7 46 0
7 47 0
7 48 0
7 49 0
7 50 0
7 51 0
7 52 0
7 53 0
7 54 0
7 55 0
7 56 0
7 57 0
7 58 0
8 0 0
8 1 0
8 2 0
8 3 0
8 4 0
8 5 0
8 6 0
8 7 0
8 8 0
8 9 0
8 10 0
8 11 0
8 12 0
8 13 0
8 14 0
8 15 0
8 16 0
8 17 0
8 18 0
8 19 0
8 20 0
8 21 0
8 22 0
8 23 0
8 24 0
8 25 0
8 26 0
8 27 0
8 28 0
8 29 0
8 30 0
8 31 0
8 32 0
8 33 0
8 34 0
8 35 0
8 36 0
8 37 0
8 38 0
8 39 0
8 40 0
8 41 0
8 42 0
8 43 0
8 44 0
8 45 0
8 46 0
8 47 0
8 48 0
8 49 0
8 50 0
8 51 0
8 52 0
8 53 0
8 54 0
8 55 0
8 56 0
8 57 0
8 58 0
9 0 0
9 1 0
9 2 0
9 3 0
9 4 0
9 5 0
9 6 0
9 7 0
9 8 0
9 9 0
9 10 0
9 11 0
9 12 0
9 13 0
9 14 0
9 15 0
9 16 0
9 17 0
9 18 0
9 19 0
9 20 0
9 21 0
9 22 0
9 23 0
9 24 0
9 25 0
9 26 0
9 27 0
9 28 0
9 29 0
9 30 0
9 31 0
9 32 0
9 33 0
9 34 0
9 35 0
9 36 0
9 37 0
9 38 0
9 39 0
9 40 0
9 41 0
9 42 0
9 43 0
9 44 0
9 45 0
9 46 0
9 47 0
9 48 0
9 49 0
9 50 0
9 51 0
9 52 0
9 53 0
9 54 0
9 55 0
9 56 0
9 57 0
9 58 0
10 0 0
10 1 0
10 2 0
10 3 0
10 4 0
10 5 0
10 6 0
10 7 0
10 8 0
10 9 0
10 10 0
10 11 0
10 12 0
10 13 0
10 14 0
10 15 0
10 16 0
10 17 0
10 18 0
10 19 0
10 20 0
10 21 0
10 22 0
10 23 0
10 24 0
10 25 0
10 26 0
10 27 0
10 28 0
10 29 0
10 30 0
10 31 0
10 32 0
10 33 0
10 34 0
10 35 0
10 36 0
10 37 0
10 38 0
10 39 0
10 40 0
10 41 0
10 42 0
10 43 0
10 44 0
10 45 0
10 46 0
10 47 0
10 48 0
10 49 0
10 50 0
10 51 0
10 52 0
10 53 0
10 54 0
10 55 0
10 56 0
10 57 0
10 58 0
11 0 0
11 1 0
11 2 0
11 3 0
11 4 0
11 5 0
11 6 0
11 7 0
11 8 0
11 9 0
11 10 0
11 11 0
11 12 0
11 13 0
11 14 0
11 15 0
11 16 0
11 17 0
11 18 0
11 19 0
11 20 0
11 21 0
11 22 0
11 23 0
11 24 0
11 25 0
11 26 0
11 27 0
11 28 0
11 29 0
11 30 0
11 31 0
11 32 0
11 33 0
11 34 0
11 35 0
11 36 0
11 37 0
11 38 0
11 39 0
11 40 0
11 41 0
11 42 0
11 43 0
11 44 0
11 45 0
11 46 0
11 47 0
11 48 0
11 49 0
11 50 0
11 51 0
11 52 0
11 53 0
11 54 0
11 55 0
11 56 0
11 57 0
11 58 0
12 0 0
12 1 0
12 2 0
12 3 0
12 4 0
12 5 0
12 6 0
12 7 0
12 8 0
12 9 0
12 10 0
12 11 0
12 12 0
12 13 0
12 14 0
12 15 0
12 16 0
12 17 0
12 18 0
12 19 0
12 20 0
12 21 0
12 22 0
12 23 0
12 24 0
12 25 0
12 26 0
12 27 0
12 28 0
12 29 0
12 30 0
12 31 0
12 32 0
12 33 0
12 34 0
12 35 0
12 36 0
12 37 0
12 38 0
12 39 0
12 40 0
12 41 0
12 42 0
12 43 0
12 44 0
12 45 0
12 46 0
12 47 0
12 48 0
12 49 0
12 50 0
12 51 0
12 52 0
12 53 0
12 54 0
12 55 0
12 56 0
12 57 0
12 58 0
13 0 0
13 1 0
13 2 0
13 3 0
13 4 0
13 5 0
13 6 0
13 7 0
13 8 0
13 9 0
13 10 0
13 11 0
13 12 0
13 13 0
13 14 0
13 15 0
13 16 0
13 17 0
13 18 0
13 19 0
13 20 0
13 21 0
13 22 0
13 23 0
13 24 0
13 25 0
13 26 0
13 27 0
13 28 0
13 29 0
13 30 0
13 31 0
13 32 0
13 33 0
13 34 0
13 35 0
13 36 0
13 37 0
13 38 0
13 39 0
13 40 0
13 41 0
13 42 0
13 43 0
13 44 0
13 45 0
13 46 0
13 47 0
13 48 0
13 49 0
13 50 0
13 51 0
13 52 0
13 53 0
13 54 0
13 55 0
13 56 0
13 57 0
13 58 0
14 0 0
14 1 0
14 2 0
14 3 0
14 4 0
14 5 0
14 6 0
14 7 0
14 8 0
14 9 0
14 10 0
14 11 0
14 12 0
14 13 0
14 14 0
14 15 0
14 16 0
14 17 0
14 18 0
14 19 0
14 20 0
14 21 0
14 22 0
14 23 0
14 24 0
14 25 0
14 26 0
14 27 0
14 28 0
14 29 0
14 30 0
14 31 0
14 32 0
14 33 0
14 34 0
14 35 0
14 36 0
14 37 0
14 38 0
14 39 0
14 40 0
14 41 0
14 42 0
14 43 0
14 44 0
14 45 0
14 46 0
14 47 0
14 48 0
14 49 0
14 50 0
14 51 0
14 52 0
14 53 0
14 54 0
14 55 0
14 56 0
14 57 0
14 58 0
15 0 0
15 1 0
15 2 0
15 3 0
15 4 0
15 5 0
15 6 0
15 7 0
15 8 0
15 9 0
15 10 0
15 11 0
15 12 0
15 13 0
15 14 0
15 15 0
15 16 0
15 17 0
15 18 0
15 19 0
15 20 0
15 21 0
15 22 0
15 23 0
15 24 0
15 25 0
15 26 0
15 27 0
15 28 0
15 29 0
15 30 0
15 31 0
15 32 0
15 33 0
15 34 0
15 35 0
15 36 0
15 37 0
15 38 0
15 39 0
15 40 0
15 41 0
15 42 0
15 43 0
15 44 0
15 45 0
15 46 0
15 47 0
15 48 0
15 49 0
15 50 0
15 51 0
15 52 0
15 53 0
15 54 0
15 55 0
15 56 0
15 57 0
15 58 0
16 0 0
16 1 0
16 2 0
16 3 0
16 4 0
16 5 0
16 6 0
16 7 0
16 8 0
16 9 0
16 10 0
16 11 0
16 12 0
16 13 0
16 14 0
16 15 0
16 16 0
16 17 0
16 18 0
16 19 0
16 20 0
16 21 0
16 22 0
16 23 0
16 24 0
16 25 0
16 26 0
16 27 0
16 28 0
16 29 0
16 30 0
16 31 0
16 32 0
16 33 0
16 34 0
16 35 0
16 36 0
16 37 0
16 38 0
16 39 0
16 40 0
16 41 0
16 42 0
16 43 0
16 44 0
16 45 0
16 46 0
16 47 0
16 48 0
16 49 0
16 50 0
16 51 0
16 52 0
16 53 0
16 54 0
16 55 0
16 56 0
16 57 0
16 58 0
17 0 0
17 1 0
17 2 0
17 3 0
17 4 0
17 5 0
17 6 0
17 7 0
17 8 0
17 9 0
17 10 0
17 11 0
17 12 0
17 13 0
17 14 0
17 15 0
17 16 0
17 17 0
17 18 0
17 19 0
17 20 0
17 21 0
17 22 0
17 23 0
17 24 0
17 25 0
17 26 0
17 27 0
17 28 0
17 29 0
17 30 0
17 31 0
17 32 0
17 33 0
17 34 0
17 35 0
17 36 0
17 37 0
17 38 0
17 39 0
17 40 0
17 41 0
17 42 0
17 43 0
17 44 0
17 45 0
17 46 0
17 47 0
17 48 0
17 49 0
17 50 0
17 51 0
17 52 0
17 53 0
17 54 0
17 55 0
17 56 0
17 57 0
17 58 0
18 0 0
18 1 0
18 2 0
18 3 0
18 4 0
18 5 0
18 6 0
18 7 0
18 8 0
18 9 0
18 10 0
18 11 0
18 12 0
18 13 0
18 14 0
18 15 0
18 16 0
18 17 0
18 18 0
18 19 0
18 20 0
18 21 0
18 22 0
18 23 0
18 24 0
18 25 0
18 26 0
18 27 0
18 28 0
18 29 0
18 30 0
18 31 0
18 32 0
18 33 0
18 34 0
18 35 0
18 36 0
18 37 0
18 38 0
18 39 0
18 40 0
18 41 0
18 42 0
18 43 0
18 44 0
18 45 0
18 46 0
18 47 0
18 48 0
18 49 0
18 50 0
18 51 0
18 52 0
18 53 0
18 54 0
18 55 0
18 56 0
18 57 0
18 58 0
19 0 0
19 1 0
19 2 0
19 3 0
19 4 0
19 5 0
19 6 0
19 7 0
19 8 0
19 9 0
19 10 0
19 11 0
19 12 0
19 13 0
19 14 0
19 15 0
19 16 0
19 17 0
19 18 0
19 19 0
19 20 0
19 21 0
19 22 0
19 23 0
19 24 0
19 25 0
19 26 0
19 27 0
19 28 0
19 29 0
19 30 0
19 31 0
19 32 0
19 33 0
19 34 0
19 35 0
19 36 0
19 37 0
19 38 0
19 39 0
19 40 0
19 41 0
19 42 0
19 43 0
19 44 0
19 45 0
19 46 0
19 47 0
19 48 0
19 49 0
19 50 0
19 51 0
19 52 0
19 53 0
19 54 0
19 55 0
19 56 0
19 57 0
19 58 0
20 0 0
20 1 0
20 2 0
20 3 0
20 4 0
20 5 0
20 6 0
20 7 0
20 8 0
20 9 0
20 10 0
20 11 0
20 12 0
20 13 0
20 14 0
20 15 0
20 16 0
20 17 0
20 18 0
20 19 0
20 20 0
20 21 0
20 22 0
20 23 0
20 24 0
20 25 0
20 26 0
20 27 0
20 28 0
20 29 0
20 30 0
20 31 0
20 32 0
20 33 0
20 34 0
20 35 0
20 36 0
20 37 0
20 38 0
20 39 0
20 40 0
20 41 0
20 42 0
20 43 0
20 44 0
20 45 0
20 46 0
20 47 0
20 48 0
20 49 0
20 50 0
20 51 0
20 52 0
20 53 0
20 54 0
20 55 0
20 56 0
20 57 0
20 58 0
21 0 0
21 1 0
21 2 0
21 3 0
21 4 0
21 5 0
21 6 0
21 7 0
21 8 0
21 9 0
21 10 0
21 11 0
21 12 0
21 13 0
21 14 0
21 15 0
21 16 0
21 17 0
21 18 0
21 19 0
21 20 0
21 21 0
21 22 0
21 23 0
21 24 0
21 25 0
21 26 0
21 27 0
21 28 0
21 29 0
21 30 0
21 31 0
21 32 0
21 33 0
21 34 0
21 35 0
21 36 0
21 37 0
21 38 0
21 39 0
21 40 0
21 41 0
21 42 0
21 43 0
21 44 0
21 45 0
21 46 0
21 47 0
21 48 0
21 49 0
21 50 0
21 51 0
21 52 0
21 53 0
21 54 0
21 55 0
21 56 0
21 57 0
21 58 0
22 0 0
22 1 0
22 2 0
22 3 0
22 4 0
22 5 0
22 6 0
22 7 0
22 8 0
22 9 0
22 10 0
22 11 0
22 12 0
22 13 0
22 14 0
22 15 0
22 16 0
22 17 0
22 18 0
22 19 0
22 20 0
22 21 0
22 22 0
22 23 0
22 24 0
22 25 0
22 26 0
22 27 0
22 28 0
22 29 0
22 30 0
22 31 0
22 32 0
22 33 0
22 34 0
22 35 0
22 36 0
22 37 0
22 38 0
22 39 0
22 40 0
22 41 0
22 42 0
22 43 0
22 44 0
22 45 0
22 46 0
22 47 0
22 48 0
22 49 0
22 50 0
22 51 0
22 52 0
22 53 0
22 54 0
22 55 0
22 56 0
22 57 0
22 58 0
23 0 0
23 1 0
23 2 0
23 3 0
23 4 0
23 5 0
23 6 0
23 7 0
23 8 0
23 9 0
23 10 0
23 11 0
23 12 0
23 13 0
23 14 0
23 15 0
23 16 0
23 17 0
23 18 0
23 19 0
23 20 0
23 21 0
23 22 0
23 23 0
23 24 0
23 25 0
23 26 0
23 27 0
23 28 0
23 29 0
23 30 0
23 31 0
23 32 0
23 33 0
23 34 0
23 35 0
23 36 0
23 37 0
23 38 0
23 39 0
23 40 0
23 41 0
23 42 0
23 43 0
23 44 0
23 45 0
23 46 0
23 47 0
23 48 0
23 49 0
23 50 0
23 51 0
23 52 0
23 53 0
23 54 0
23 55 0
23 56 0
23 57 0
23 58 0
24 0 0
24 1 0
24 2 0
24 3 0
24 4 0
24 5 0
24 6 0
24 7 0
24 8 0
24 9 0
24 10 0
24 11 0
24 12 0
24 13 0
24 14 0
24 15 0
24 16 0
24 17 0
24 18 0
24 19 0
24 20 0
24 21 0
24 22 0
24 23 0
24 24 0
24 25 0
24 26 0
24 27 0
24 28 0
24 29 0
24 30 0
24 31 0
24 32 0
24 33 0
24 34 0
24 35 0
24 36 0
24 37 0
24 38 0
24 39 0
24 40 0
24 41 0
24 42 0
24 43 0
24 44 0
24 45 0
24 46 0
24 47 0
24 48 0
24 49 0
24 50 0
24 51 0
24 52 0
24 53 0
24 54 0
24 55 0
24 56 0
24 57 0
24 58 0
25 0 0
25 1 0
25 2 0
25 3 0
25 4 0
25 5 0
25 6 0
25 7 0
25 8 0
25 9 0
25 10 0
25 11 0
25 12 0
25 13 0
25 14 0
25 15 0
25 16 0
25 17 0
25 18 0
25 19 0
25 20 0
25 21 0
25 22 0
25 23 0
25 24 0
25 25 0
25 26 0
25 27 0
25 28 0
25 29 0
25 30 0
25 31 0
25 32 0
25 33 0
25 34 0
25 35 0
25 36 0
25 37 0
25 38 0
25 39 0
25 40 0
25 41 0
25 42 0
25 43 0
25 44 0
25 45 0
25 46 0
25 47 0
25 48 0
25 49 0
25 50 0
25 51 0
25 52 0
25 53 0
25 54 0
25 55 0
25 56 0
25 57 0
25 58 0
26 0 0
26 1 0
26 2 0
26 3 0
26 4 0
26 5 0
26 6 0
26 7 0
26 8 0
26 9 0
26 10 0
26 11 0
26 12 0
26 13 0
26 14 0
26 15 0
26 16 0
26 17 0
26 18 0
26 19 0
26 20 0
26 21 0
26 22 0
26 23 0
26 24 0
26 25 0
26 26 0
26 27 0
26 28 0
26 29 0
26 30 0
26 31 0
26 32 0
26 33 0
26 34 0
26 35 0
26 36 0
26 37 0
26 38 0
26 39 0
26 40 0
26 41 0
26 42 0
26 43 0
26 44 0
26 45 0
26 46 0
26 47 0
26 48 0
26 49 0
26 50 0
26 51 0
26 52 0
26 53 0
26 54 0
26 55 0
26 56 0
26 57 0
26 58 0
27 0 0
27 1 0
27 2 0
27 3 0
27 4 0
27 5 0
27 6 0
27 7 0
27 8 0
27 9 0
27 10 0
27 11 0
27 12 0
27 13 0
27 14 0
27 15 0
27 16 0
27 17 0
27 18 0
27 19 0
27 20 0
27 21 0
27 22 0
27 23 0
27 24 0
27 25 0
27 26 0
27 27 0
27 28 0
27 29 0
27 30 0
27 31 0
27 32 0
27 33 0
27 34 0
27 35 0
27 36 0
27 37 0
27 38 0
27 39 0
27 40 0
27 41 0
27 42 0
27 43 0
27 44 0
27 45 0
27 46 0
27 47 0
27 48 0
27 49 0
27 50 0
27 51 0
27 52 0
27 53 0
27 54 0
27 55 0
27 56 0
27 57 0
27 58 0
28 0 0
28 1 0
28 2 0
28 3 0
28 4 0
28 5 0
28 6 0
28 7 0
28 8 0
28 9 0
28 10 0
28 11 0
28 12 0
28 13 0
28 14 0
28 15 0
28 16 0
28 17 0
28 18 0
28 19 0
28 20 0
28 21 0
28 22 0
28 23 0
28 24 0
28 25 0
28 26 0
28 27 0
28 28 0
28 29 0
28 30 0
28 31 0
28 32 0
28 33 0
28 34 0
28 35 0
28 36 0
28 37 0
28 38 0
28 39 0
28 40 0
28 41 0
28 42 0
28 43 0
28 44 0
28 45 0
28 46 0
28 47 0
28 48 0
28 49 0
28 50 0
28 51 0
28 52 0
28 53 0
28 54 0
28 55 0
28 56 0
28 57 0
28 58 0
29 0 0
29 1 0
29 2 0
29 3 0
29 4 0
29 5 0
29 6 0
29 7 0
29 8 0
29 9 0
29 10 0
29 11 0
29 12 0
29 13 0
29 14 0
29 15 0
29 16 0
29 17 0
29 18 0
29 19 0
29 20 0
29 21 0
29 22 0
29 23 0
29 24 0
29 25 0
29 26 0
29 27 0
29 28 0
29 29 0
29 30 0
29 31 0
29 32 0
29 33 0
29 34 0
29 35 0
29 36 0
29 37 0
29 38 0
29 39 0
29 40 0
29 41 0
29 42 0
29 43 0
29 44 0
29 45 0
29 46 0
29 47 0
29 48 0
29 49 0
29 50 0
29 51 0
29 52 0
29 53 0
29 54 0
29 55 0
29 56 0
29 57 0
29 58 0
30 0 0
30 1 0
30 2 0
30 3 0
30 4 0
30 5 0
30 6 0
30 7 0
30 8 0
30 9 0
30 10 0
30 11 0
30 12 0
30 13 0
30 14 0
30 15 0
30 16 0
30 17 0
30 18 0
30 19 0
30 20 0
30 21 0
30 22 0
30 23 0
30 24 0
30 25 0
30 26 0
30 27 0
30 28 0
30 29 0
30 30 0
30 31 0
30 32 0
30 33 0
30 34 0
30 35 0
30 36 0
30 37 0
30 38 0
30 39 0
30 40 0
30 41 0
30 42 0
30 43 0
30 44 0
30 45 0
30 46 0
30 47 0
30 48 0
30 49 0
30 50 0
30 51 0
30 52 0
30 53 0
30 54 0
30 55 0
30 56 0
30 57 0
30 58 0
31 0 0
31 1 0
31 2 0
31 3 0
31 4 0
31 5 0
31 6 0
31 7 0
31 8 0
31 9 0
31 10 0
31 11 0
31 12 0
31 13 0
31 14 0
31 15 0
31 16 0
31 17 0
31 18 0
31 19 0
31 20 0
31 21 0
31 22 0
31 23 0
31 24 0
31 25 0
31 26 0
31 27 0
31 28 0
31 29 0
31 30 0
31 31 0
31 32 0
31 33 0
31 34 0
31 35 0
31 36 0
31 37 0
31 38 0
31 39 0
31 40 0
31 41 0
31 42 0
31 43 0
31 44 0
31 45 0
31 46 0
31 47 0
31 48 0
31 49 0
31 50 0
31 51 0
31 52 0
31 53 0
31 54 0
31 55 0
31 56 0
31 57 0
31 58 0
32 0 0
32 1 0
32 2 0
32 3 0
32 4 0
32 5 0
32 6 0
32 7 0
32 8 0
32 9 0
32 10 0
32 11 0
32 12 0
32 13 0
32 14 0
32 15 0
32 16 0
32 17 0
32 18 0
32 19 0
32 20 0
32 21 0
32 22 0
32 23 0
32 24 0
32 25 0
32 26 0
32 27 0
32 28 0
32 29 0
32 30 0
32 31 0
32 32 0
32 33 0
32 34 0
32 35 0
32 36 0
32 37 0
32 38 0
32 39 0
32 40 0
32 41 0
32 42 0
32 43 0
32 44 0
32 45 0
32 46 0
32 47 0
32 48 0
32 49 0
32 50 0
32 51 0
32 52 0
32 53 0
32 54 0
32 55 0
32 56 0
32 57 0
32 58 0
33 0 0
33 1 0
33 2 0
33 3 0
33 4 0
33 5 0
33 6 0
33 7 0
33 8 0
33 9 0
33 10 0
33 11 0
33 12 0
33 13 0
33 14 0
33 15 0
33 16 0
33 17 0
33 18 0
33 19 0
33 20 0
33 21 0
33 22 0
33 23 0
33 24 0
33 25 0
33 26 0
33 27 0
33 28 0
33 29 0
33 30 0
33 31 0
33 32 0
33 33 0
33 34 0
33 35 0
33 36 0
33 37 0
33 38 0
33 39 0
33 40 0
33 41 0
33 42 0
33 43 0
33 44 0
33 45 0
33 46 0
33 47 0
33 48 0
33 49 0
33 50 0
33 51 0
33 52 0
33 53 0
33 54 0
33 55 0
33 56 0
33 57 0
33 58 0
34 0 0
34 1 0
34 2 0
34 3 0
34 4 0
34 5 0
34 6 0
34 7 0
34 8 0
34 9 0
34 10 0
34 11 0
34 12 0
34 13 0
34 14 0
34 15 0
34 16 0
34 17 0
34 18 0
34 19 0
34 20 0
34 21 0
34 22 0
34 23 0
34 24 0
34 25 0
34 26 0
34 27 0
34 28 0
34 29 0
34 30 0
34 31 0
34 32 0
34 33 0
34 34 0
34 35 0
34 36 0
34 37 0
34 38 0
34 39 0
34 40 0
34 41 0
34 42 0
34 43 0
34 44 0
34 45 0
34 46 0
34 47 0
34 48 0
34 49 0
34 50 0
34 51 0
34 52 0
34 53 0
34 54 0
34 55 0
34 56 0
34 57 0
34 58 0
35 0 0
35 1 0
35 2 0
35 3 0
35 4 0
35 5 0
35 6 0
35 7 0
35 8 0
35 9 0
35 10 0
35 11 0
35 12 0
35 13 0
35 14 0
35 15 0
35 16 0
35 17 0
35 18 0
35 19 0
35 20 0
35 21 0
35 22 0
35 23 0
35 24 0
35 25 0
35 26 0
35 27 0
35 28 0
35 29 0
35 30 0
35 31 0
35 32 0
35 33 0
35 34 0
35 35 0
35 36 0
35 37 0
35 38 0
35 39 0
35 40 0
35 41 0
35 42 0
35 43 0
35 44 0
35 45 0
35 46 0
35 47 0
35 48 0
35 49 0
35 50 0
35 51 0
35 52 0
35 53 0
35 54 0
35 55 0
35 56 0
35 57 0
35 58 0
36 0 0
36 1 0
36 2 0
36 3 0
36 4 0
36 5 0
36 6 0
36 7 0
36 8 0
36 9 0
36 10 0
36 11 0
36 12 0
36 13 0
36 14 0
36 15 0
36 16 0
36 17 0
36 18 0
36 19 0
36 20 0
36 21 0
36 22 0
36 23 0
36 24 0
36 25 0
36 26 0
36 27 0
36 28 0
36 29 0
36 30 0
36 31 0
36 32 0
36 33 0
36 34 0
36 35 0
36 36 0
36 37 0
36 38 0
36 39 0
36 40 0
36 41 0
36 42 0
36 43 0
36 44 0
36 45 0
36 46 0
36 47 0
36 48 0
36 49 0
36 50 0
36 51 0
36 52 0
36 53 0
36 54 0
36 55 0
36 56 0
36 57 0
36 58 0
37 0 0
37 1 0
37 2 0
37 3 0
37 4 0
37 5 0
37 6 0
37 7 0
37 8 0
37 9 0
37 10 0
37 11 0
37 12 0
37 13 0
37 14 0
37 15 0
37 16 0
37 17 0
37 18 0
37 19 0
37 20 0
37 21 0
37 22 0
37 23 0
37 24 0
37 25 0
37 26 0
37 27 0
37 28 0
37 29 0
37 30 0
37 31 0
37 32 0
37 33 0
37 34 0
37 35 0
37 36 0
37 37 0
37 38 0
37 39 0
37 40 0
37 41 0
37 42 0
37 43 0
37 44 0
37 45 0
37 46 0
37 47 0
37 48 0
37 49 0
37 50 0
37 51 0
37 52 0
37 53 0
37 54 0
37 55 0
37 56 0
37 57 0
37 58 0
38 0 0
38 1 0
38 2 0
38 3 0
38 4 0
38 5 0
38 6 0
38 7 0
38 8 0
38 9 0
38 10 0
38 11 0
38 12 0
38 13 0
38 14 0
38 15 0
38 16 0
38 17 0
38 18 0
38 19 0
38 20 0
38 21 0
38 22 0
38 23 0
38 24 0
38 25 0
38 26 0
38 27 0
38 28 0
38 29 0
38 30 0
38 31 0
38 32 0
38 33 0
38 34 0
38 35 0
38 36 0
38 37 0
38 38 0
38 39 0
38 40 0
38 41 0
38 42 0
38 43 0
38 44 0
38 45 0
38 46 0
38 47 0
38 48 0
38 49 0
38 50 0
38 51 0
38 52 0
38 53 0
38 54 0
38 55 0
38 56 0
38 57 0
38 58 0
39 0 0
39 1 0
39 2 0
39 3 0
39 4 0
39 5 0
39 6 0
39 7 0
39 8 0
39 9 0
39 10 0
39 11 0
39 12 0
39 13 0
39 14 0
39 15 0
39 16 0
39 17 0
39 18 0
39 19 0
39 20 0
39 21 0
39 22 0
39 23 0
39 24 0
39 25 0
39 26 0
39 27 0
39 28 0
39 29 0
39 30 0
39 31 0
39 32 0
39 33 0
39 34 0
39 35 0
39 36 0
39 37 0
39 38 0
39 39 0
39 40 0
39 41 0
39 42 0
39 43 0
39 44 0
39 45 0
39 46 0
39 47 0
39 48 0
39 49 0
39 50 0
39 51 0
39 52 0
39 53 0
39 54 0
39 55 0
39 56 0
39 57 0
39 58 0
40 0 0
40 1 0
40 2 0
40 3 0
40 4 0
40 5 0
40 6 0
40 7 0
40 8 0
40 9 0
40 10 0
40 11 0
40 12 0
40 13 0
40 14 0
40 15 0
40 16 0
40 17 0
40 18 0
40 19 0
40 20 0
40 21 0
40 22 0
40 23 0
40 24 0
40 25 0
40 26 0
40 27 0
40 28 0
40 29 0
40 30 0
40 31 0
40 32 0
40 33 0
40 34 0
40 35 0
40 36 0
40 37 0
40 38 0
40 39 0
40 40 0
40 41 0
40 42 0
40 43 0
40 44 0
40 45 0
40 46 0
40 47 0
40 48 0
40 49 0
40 50 0
40 51 0
40 52 0
40 53 0
40 54 0
40 55 0
40 56 0
40 57 0
40 58 0
41 0 0
41 1 0
41 2 0
41 3 0
41 4 0
41 5 0
41 6 0
41 7 0
41 8 0
41 9 0
41 10 0
41 11 0
41 12 0
41 13 0
41 14 0
41 15 0
41 16 0
41 17 0
41 18 0
41 19 0
41 20 0
41 21 0
41 22 0
41 23 0
41 24 0
41 25 0
41 26 0
41 27 0
41 28 0
41 29 0
41 30 0
41 31 0
41 32 0
41 33 0
41 34 0
41 35 0
41 36 0
41 37 0
41 38 0
41 39 0
41 40 0
41 41 0
41 42 0
41 43 0
41 44 0
41 45 0
41 46 0
41 47 0
41 48 0
41 49 0
41 50 0
41 51 0
41 52 0
41 53 0
41 54 0
41 55 0
41 56 0
41 57 0
41 58 0
42 0 0
42 1 0
42 2 0
42 3 0
42 4 0
42 5 0
42 6 0
42 7 0
42 8 0
42 9 0
42 10 0
42 11 0
42 12 0
42 13 0
42 14 0
42 15 0
42 16 0
42 17 0
42 18 0
42 19 0
42 20 0
42 21 0
42 22 0
42 23 0
42 24 0
42 25 0
42 26 0
42 27 0
42 28 0
42 29 0
42 30 0
42 31 0
42 32 0
42 33 0
42 34 0
42 35 0
42 36 0
42 37 0
42 38 0
42 39 0
42 40 0
42 41 0
42 42 0
42 43 0
42 44 0
42 45 0
42 46 0
42 47 0
42 48 0
42 49 0
42 50 0
42 51 0
42 52 0
42 53 0
42 54 0
42 55 0
42 56 0
42 57 0
42 58 0
43 0 0
43 1 0
43 2 0
43 3 0
43 4 0
43 5 0
43 6 0
43 7 0
43 8 0
43 9 0
43 10 0
43 11 0
43 12 0
43 13 0
43 14 0
43 15 0
43 16 0
43 17 0
43 18 0
43 19 0
43 20 0
43 21 0
43 22 0
43 23 0
43 24 0
43 25 0
43 26 0
43 27 0
43 28 0
43 29 0
43 30 0
43 31 0
43 32 0
43 33 0
43 34 0
43 35 0
43 36 0
43 37 0
43 38 0
43 39 0
43 40 0
43 41 0
43 42 0
43 43 0
43 44 0
43 45 0
43 46 0
43 47 0
43 48 0
43 49 0
43 50 0
43 51 0
43 52 0
43 53 0
43 54 0
43 55 0
43 56 0
43 57 0
43 58 0
44 0 0
44 1 0
44 2 0
44 3 0
44 4 0
44 5 0
44 6 0
44 7 0
44 8 0
44 9 0
44 10 0
44 11 0
44 12 0
44 13 0
44 14 0
44 15 0
44 16 0
44 17 0
44 18 0
44 19 0
44 20 0
44 21 0
44 22 0
44 23 0
44 24 0
44 25 0
44 26 0
44 27 0
44 28 0
44 29 0
44 30 0
44 31 0
44 32 0
44 33 0
44 34 0
44 35 0
44 36 0
44 37 0
44 38 0
44 39 0
44 40 0
44 41 0
44 42 0
44 43 0
44 44 0
44 45 0
44 46 0
44 47 0
44 48 0
44 49 0
44 50 0
44 51 0
44 52 0
44 53 0
44 54 0
44 55 0
44 56 0
44 57 0
44 58 0
45 0 0
45 1 0
45 2 0
45 3 0
45 4 0
45 5 0
45 6 0
45 7 0
45 8 0
45 9 0
45 10 0
45 11 0
45 12 0
45 13 0
45 14 0
45 15 0
45 16 0
45 17 0
45 18 0
45 19 0
45 20 0
45 21 0
45 22 0
45 23 0
45 24 0
45 25 0
45 26 0
45 27 0
45 28 0
45 29 0
45 30 0
45 31 0
45 32 0
45 33 0
45 34 0
45 35 0
45 36 0
45 37 0
45 38 0
45 39 0
45 40 0
45 41 0
45 42 0
45 43 0
45 44 0
45 45 0
45 46 0
45 47 0
45 48 0
45 49 0
45 50 0
45 51 0
45 52 0
45 53 0
45 54 0
45 55 0
45 56 0
45 57 0
45 58 0
46 0 0
46 1 0
46 2 0
46 3 0
46 4 0
46 5 0
46 6 0
46 7 0
46 8 0
46 9 0
46 10 0
46 11 0
46 12 0
46 13 0
46 14 0
46 15 0
46 16 0
46 17 0
46 18 0
46 19 0
46 20 0
46 21 0
46 22 0
46 23 0
46 24 0
46 25 0
46 26 0
46 27 0
46 28 0
46 29 0
46 30 0
46 31 0
46 32 0
46 33 0
46 34 0
46 35 0
46 36 0
46 37 0
46 38 0
46 39 0
46 40 0
46 41 0
46 42 0
46 43 0
46 44 0
46 45 0
46 46 0
46 47 0
46 48 0
46 49 0
46 50 0
46 51 0
46 52 0
46 53 0
46 54 0
46 55 0
46 56 0
46 57 0
46 58 0
47 0 0
47 1 0
47 2 0
47 3 0
47 4 0
47 5 0
47 6 0
47 7 0
47 8 0
47 9 0
47 10 0
47 11 0
47 12 0
47 13 0
47 14 0
47 15 0
47 16 0
47 17 0
47 18 0
47 19 0
47 20 0
47 21 0
47 22 0
47 23 0
47 24 0
47 25 0
47 26 0
47 27 0
47 28 0
47 29 0
47 30 0
47 31 0
47 32 0
47 33 0
47 34 0
47 35 0
47 36 0
47 37 0
47 38 0
47 39 0
47 40 0
47 41 0
47 42 0
47 43 0
47 44 0
47 45 0
47 46 0
47 47 0
47 48 0
47 49 0
47 50 0
47 51 0
47 52 0
47 53 0
47 54 0
47 55 0
47 56 0
47 57 0
47 58 0
48 0 0
48 1 0
48 2 0
48 3 0
48 4 0
48 5 0
48 6 0
48 7 0
48 8 0
48 9 0
48 10 0
48 11 0
48 12 0
48 13 0
48 14 0
48 15 0
48 16 0
48 17 0
48 18 0
48 19 0
48 20 0
48 21 0
48 22 0
48 23 0
48 24 0
48 25 0
48 26 0
48 27 0
48 28 0
48 29 0
48 30 0
48 31 0
48 32 0
48 33 0
48 34 0
48 35 0
48 36 0
48 37 0
48 38 0
48 39 0
48 40 0
48 41 0
48 42 0
48 43 0
48 44 0
48 45 0
48 46 0
48 47 0
48 48 0
48 49 0
48 50 0
48 51 0
48 52 0
48 53 0
48 54 0
48 55 0
48 56 0
48 57 0
48 58 0
49 0 0
49 1 25
49 2 21
49 3 29
49 4 25
49 5 22
49 6 23
49 7 20
49 8 29
49 9 28
49 10 29
49 11 27
49 12 20
49 13 24
49 14 23
49 15 24
49 16 19
49 17 18
49 18 26
49 19 29
49 20 22
49 21 20
49 22 21
49 23 11
49 24 16
49 25 19
49 26 27
49 27 22
49 28 23
49 29 18
49 30 26
49 31 22
49 32 28
49 33 20
49 34 22
49 35 28
49 36 21
49 37 25
49 38 25
49 39 25
49 40 25
49 41 21
49 42 29
49 43 21
49 44 8
49 45 15
49 46 17
49 47 24
49 48 21
49 49 18
49 50 20
49 51 19
49 52 12
49 53 0
49 54 0
49 55 0
49 56 0
49 57 0
49 58 0
50 0 0
50 1 24
50 2 21
50 3 28
50 4 21
50 5 25
50 6 25
50 7 23
50 8 23
50 9 29
50 10 28
50 11 29
50 12 25
50 13 21
50 14 21
50 15 27
50 16 29
50 17 20
50 18 25
50 19 20
50 20 28
50 21 23
50 22 20
50 23 26
50 24 20
50 25 19
50 26 25
50 27 20
50 28 25
50 29 20
50 30 28
50 31 25
50 32 25
50 33 24
50 34 21
50 35 25
50 36 19
50 37 24
50 38 19
50 39 21
50 40 23
50 41 24
50 42 26
50 43 26
50 44 25
50 45 18
50 46 25
50 47 15
50 48 20
50 49 23
50 50 22
50 51 13
50 52 17
50 53 0
50 54 0
50 55 0
50 56 0
50 57 0
50 58 0
51 0 0
51 1 23
51 2 28
51 3 21
51 4 21
51 5 24
51 6 27
51 7 23
51 8 24
51 9 28
51 10 25
51 11 27
51 12 27
51 13 27
51 14 25
51 15 21
51 16 21
51 17 24
51 18 24
51 19 18
51 20 22
51 21 25
51 22 28
51 23 21
51 24 20
51 25 25
51 26 24
51 27 21
51 28 25
51 29 19
51 30 21
51 31 23
51 32 27
51 33 21
51 34 20
51 35 25
51 36 26
51 37 21
51 38 27
51 39 20
51 40 27
51 41 26
51 42 23
51 43 24
51 44 20
51 45 4
51 46 25
51 47 29
51 48 26
51 49 29
51 50 18
51 51 12
51 52 17
51 53 0
51 54 0
51 55 0
51 56 0
51 57 0
51 58 0
52 0 0
52 1 21
52 2 23
52 3 24
52 4 21
52 5 20
52 6 26
52 7 21
52 8 27
52 9 20
52 10 26
52 11 27
52 12 29
52 13 22
52 14 22
52 15 29
52 16 20
52 17 23
52 18 21
52 19 27
52 20 29
52 21 27
52 22 23
52 23 23
52 24 23
52 25 22
52 26 26
52 27 25
52 28 27
52 29 21
52 30 24
52 31 26
52 32 26
52 33 27
52 34 23
52 35 27
52 36 25
52 37 27
52 38 29
52 39 25
52 40 26
52 41 22
52 42 20
52 43 23
52 44 20
52 45 17
52 46 28
52 47 27
52 48 20
52 49 25
52 50 27
52 51 28
52 52 16
52 53 0
52 54 0
52 55 0
52 56 0
52 57 0
52 58 0
53 0 0
53 1 24
53 2 26
53 3 26
53 4 26
53 5 20
53 6 26
53 7 26
53 8 29
53 9 22
53 10 29
53 11 22
53 12 26
53 13 23
53 14 24
53 15 25
53 16 21
53 17 21
53 18 20
53 19 25
53 20 26
53 21 23
53 22 22
53 23 29
53 24 24
53 25 25
53 26 22
53 27 29
53 28 21
53 29 20
53 30 20
53 31 23
53 32 26
53 33 24
53 34 21
53 35 29
53 36 24
53 37 28
53 38 20
53 39 28
53 40 23
53 41 21
53 42 20
53 43 28
53 44 29
53 45 23
53 46 8
53 47 20
53 48 21
53 49 22
53 50 22
53 51 18
53 52 13
53 53 0
53 54 0
53 55 0
53 56 0
53 57 0
53 58 0
54 0 0
54 1 22
54 2 21
54 3 25
54 4 20
54 5 19
54 6 20
54 7 20
54 8 27
54 9 29
54 10 20
54 11 23
54 12 29
54 13 22
54 14 19
54 15 20
54 16 24
54 17 16
54 18 22
54 19 26
54 20 23
54 21 25
54 22 22
54 23 20
54 24 21
54 25 29
54 26 23
54 27 25
54 28 24
54 29 23
54 30 22
54 31 25
54 32 25
54 33 26
54 34 24
54 35 25
54 36 27
54 37 22
54 38 26
54 39 20
54 40 25
54 41 28
54 42 25
54 43 23
54 44 20
54 45 26
54 46 20
54 47 19
54 48 23
54 49 21
54 50 23
54 51 22
54 52 20
54 53 0
54 54 0
54 55 0
54 56 0
54 57 0
54 58 0
55 0 0
55 1 16
55 2 26
55 3 27
55 4 29
55 5 23
55 6 27
55 7 29
55 8 23
55 9 28
55 10 27
55 11 27
55 12 27
55 13 23
55 14 25
55 15 28
55 16 23
55 17 29
55 18 26
55 19 25
55 20 24
55 21 28
55 22 23
55 23 26
55 24 29
55 25 24
55 26 24
55 27 27
55 28 22
55 29 20
55 30 21
55 31 27
55 32 19
55 33 20
55 34 25
55 35 23
55 36 23
55 37 21
55 38 24
55 39 26
55 40 24
55 41 26
55 42 23
55 43 20
55 44 28
55 45 28
55 46 20
55 47 28
55 48 20
55 49 25
55 50 21
55 51 23
55 52 20
55 53 0
55 54 0
55 55 0
55 56 0
55 57 0
55 58 0
56 0 0
56 1 20
56 2 22
56 3 27
56 4 22
56 5 28
56 6 27
56 7 23
56 8 26
56 9 25
56 10 26
56 11 29
56 12 29
56 13 20
56 14 22
56 15 26
56 16 25
56 17 21
56 18 28
56 19 26
56 20 26
56 21 23
56 22 27
56 23 22
56 24 24
56 25 16
56 26 20
56 27 20
56 28 18
56 29 28
56 30 27
56 31 20
56 32 21
56 33 27
56 34 26
56 35 26
56 36 22
56 37 26
56 38 22
56 39 17
56 40 23
56 41 24
56 42 18
56 43 29
56 44 29
56 45 23
56 46 24
56 47 26
56 48 26
56 49 12
56 50 19
56 51 24
56 52 24
56 53 0
56 54 0
56 55 0
56 56 0
56 57 0
56 58 0
57 0 0
57 1 21
57 2 24
57 3 20
57 4 20
57 5 23
57 6 27
57 7 29
57 8 29
57 9 20
57 10 22
57 11 21
57 12 26
57 13 24
57 14 23
57 15 29
57 16 26
57 17 20
57 18 19
57 19 25
57 20 28
57 21 22
57 22 22
57 23 26
57 24 21
57 25 29
57 26 21
57 27 27
57 28 18
57 29 19
57 30 23
57 31 28
57 32 20
57 33 29
57 34 20
57 35 24
57 36 25
57 37 25
57 38 29
57 39 20
57 40 20
57 41 21
57 42 23
57 43 22
57 44 24
57 45 24
57 46 22
57 47 24
57 48 21
57 49 27
57 50 17
57 51 19
57 52 3
57 53 0
57 54 0
57 55 0
57 56 0
57 57 0
57 58 0
58 0 0
58 1 24
58 2 28
58 3 21
58 4 22
58 5 21
58 6 26
58 7 23
58 8 26
58 9 23
58 10 24
58 11 28
58 12 21
58 13 22
58 14 25
58 15 27
58 16 21
58 17 28
58 18 21
58 19 21
58 20 22
58 21 26
58 22 25
58 23 27
58 24 24
58 25 24
58 26 27
58 27 27
58 28 28
58 29 24
58 30 24
58 31 22
58 32 19
58 33 20
58 34 23
58 35 21
58 36 25
58 37 17
58 38 27
58 39 25
58 40 25
58 41 15
58 42 27
58 43 21
58 44 27
58 45 26
58 46 21
58 47 28
58 48 24
58 49 23
58 50 21
58 51 20
58 52 4
58 53 0
58 54 0
58 55 0
58 56 0
58 57 0
58 58 0
59 0 0
59 1 20
59 2 25
59 3 25
59 4 22
59 5 21
59 6 22
59 7 26
59 8 28
59 9 23
59 10 22
59 11 28
59 12 22
59 13 19
59 14 27
59 15 22
59 16 26
59 17 29
59 18 29
59 19 22
59 20 20
59 21 20
59 22 15
59 23 23
59 24 25
59 25 21
59 26 21
59 27 24
59 28 28
59 29 20
59 30 24
59 31 28
59 32 21
59 33 20
59 34 26
59 35 27
59 36 22
59 37 23
59 38 26
59 39 19
59 40 24
59 41 20
59 42 21
59 43 22
59 44 17
59 45 23
59 46 27
59 47 25
59 48 14
59 49 24
59 50 20
59 51 18
59 52 11
59 53 0
59 54 0
59 55 0
59 56 0
59 57 0
59 58 0
60 0 0
60 1 22
60 2 26
60 3 21
60 4 22
60 5 22
60 6 22
60 7 23
60 8 29
60 9 25
60 10 21
60 11 23
60 12 26
60 13 23
60 14 22
60 15 29
60 16 29
60 17 20
60 18 29
60 19 22
60 20 27
60 21 22
60 22 26
60 23 19
60 24 27
60 25 23
60 26 21
60 27 24
60 28 23
60 29 21
60 30 17
60 31 24
60 32 29
60 33 20
60 34 18
60 35 21
60 36 19
60 37 21
60 38 24
60 39 24
60 40 23
60 41 26
60 42 19
60 43 17
60 44 17
60 45 16
60 46 29
60 47 26
60 48 18
60 49 18
60 50 21
60 51 28
60 52 12
60 53 0
60 54 0
60 55 0
60 56 0
60 57 0
60 58 0
61 0 0
61 1 20
61 2 27
61 3 25
61 4 20
61 5 22
61 6 28
61 7 25
61 8 24
61 9 25
61 10 27
61 11 19
61 12 21
61 13 27
61 14 28
61 15 27
61 16 28
61 17 22
61 18 22
61 19 21
61 20 29
61 21 28
61 22 21
61 23 24
61 24 19
61 25 19
61 26 27
61 27 22
61 28 21
61 29 25
61 30 28
61 31 29
61 32 28
61 33 17
61 34 20
61 35 25
61 36 25
61 37 24
61 38 24
61 39 27
61 40 26
61 41 17
61 42 27
61 43 29
61 44 20
61 45 26
61 46 28
61 47 20
61 48 25
61 49 20
61 50 24
61 51 26
61 52 15
61 53 0
61 54 0
61 55 0
61 56 0
61 57 0
61 58 0
62 0 0
62 1 24
62 2 29
62 3 20
62 4 23
62 5 21
62 6 28
62 7 20
62 8 23
62 9 23
62 10 28
62 11 27
62 12 22
62 13 25
62 14 19
62 15 20
62 16 28
62 17 22
62 18 26
62 19 22
62 20 22
62 21 16
62 22 25
62 23 23
62 24 21
62 25 25
62 26 27
62 27 20
62 28 21
62 29 20
62 30 20
62 31 26
62 32 23
62 33 29
62 34 28
62 35 22
62 36 29
62 37 22
62 38 26
62 39 22
62 40 28
62 41 29
62 42 20
62 43 29
62 44 23
62 45 26
62 46 22
62 47 26
62 48 25
62 49 21
62 50 16
62 51 14
62 52 17
62 53 0
62 54 0
62 55 15
62 56 0
62 57 18
62 58 0
63 0 0
63 1 20
63 2 23
63 3 14
63 4 21
63 5 12
63 6 20
63 7 21
63 8 20
63 9 22
63 10 25
63 11 27
63 12 26
63 13 19
63 14 22
63 15 24
63 16 17
63 17 24
63 18 21
63 19 29
63 20 25
63 21 26
63 22 24
63 23 25
63 24 28
63 25 27
63 26 22
63 27 23
63 28 22
63 29 24
63 30 22
63 31 21
63 32 20
63 33 20
63 34 24
63 35 27
63 36 20
63 37 27
63 38 24
63 39 20
63 40 20
63 41 25
63 42 28
63 43 21
63 44 26
63 45 22
63 46 26
63 47 25
63 48 28
63 49 20
63 50 14
63 51 20
63 52 17
63 53 0
63 54 17
63 55 19
63 56 15
63 57 20
63 58 0
64 0 0
64 1 29
64 2 26
64 3 16
64 4 9
64 5 27
64 6 24
64 7 24
64 8 26
64 9 26
64 10 20
64 11 22
64 12 21
64 13 26
64 14 28
64 15 19
64 16 22
64 17 21
64 18 28
64 19 18
64 20 24
64 21 24
64 22 18
64 23 21
64 24 26
64 25 18
64 26 24
64 27 25
64 28 25
64 29 24
64 30 25
64 31 24
64 32 23
64 33 16
64 34 18
64 35 21
64 36 19
64 37 25
64 38 20
64 39 20
64 40 22
64 41 20
64 42 25
64 43 0
64 44 12
64 45 20
64 46 16
64 47 16
64 48 23
64 49 20
64 50 25
64 51 28
64 52 27
64 53 0
64 54 17
64 55 17
64 56 26
64 57 29
64 58 0
65 0 0
65 1 22
65 2 21
65 3 0
65 4 0
65 5 21
65 6 25
65 7 28
65 8 21
65 9 19
65 10 20
65 11 19
65 12 23
65 13 22
65 14 19
65 15 21
65 16 27
65 17 22
65 18 20
65 19 27
65 20 29
65 21 26
65 22 23
65 23 26
65 24 15
65 25 20
65 26 26
65 27 26
65 28 26
65 29 22
65 30 22
65 31 28
65 32 18
65 33 24
65 34 29
65 35 27
65 36 22
65 37 24
65 38 25
65 39 23
65 40 19
65 41 17
65 42 27
65 43 22
65 44 26
65 45 23
65 46 23
65 47 25
65 48 26
65 49 18
65 50 21
65 51 24
65 52 26
65 53 0
65 54 9
65 55 19
65 56 19
65 57 15
65 58 0
66 0 0
66 1 26
66 2 25
66 3 25
66 4 0
66 5 25
66 6 29
66 7 23
66 8 27
66 9 28
66 10 20
66 11 25
66 12 18
66 13 19
66 14 23
66 15 18
66 16 24
66 17 18
66 18 27
66 19 21
66 20 20
66 21 24
66 22 25
66 23 29
66 24 24
66 25 27
66 26 21
66 27 27
66 28 16
66 29 22
66 30 22
66 31 23
66 32 27
66 33 23
66 34 23
66 35 28
66 36 28
66 37 23
66 38 24
66 39 26
66 40 23
66 41 27
66 42 28
66 43 21
66 44 27
66 45 24
66 46 26
66 47 23
66 48 23
66 49 22
66 50 21
66 51 26
66 52 24
66 53 0
66 54 20
66 55 0
66 56 0
66 57 28
66 58 0
67 0 0
67 1 29
67 2 28
67 3 21
67 4 17
67 5 27
67 6 18
67 7 27
67 8 20
67 9 21
67 10 23
67 11 26
67 12 22
67 13 28
67 14 29
67 15 27
67 16 23
67 17 20
67 18 25
67 19 22
67 20 26
67 21 23
67 22 23
67 23 21
67 24 27
67 25 28
67 26 19
67 27 16
67 28 24
67 29 21
67 30 24
67 31 21
67 32 25
67 33 25
67 34 17
67 35 21
67 36 23
67 37 22
67 38 27
67 39 21
67 40 28
67 41 26
67 42 9
67 43 22
67 44 23
67 45 16
67 46 23
67 47 27
67 48 21
67 49 22
67 50 24
67 51 23
67 52 22
67 53 0
67 54 0
67 55 12
67 56 16
67 57 21
67 58 0
68 0 0
68 1 20
68 2 26
68 3 20
68 4 24
68 5 21
68 6 29
68 7 27
68 8 25
68 9 24
68 10 23
68 11 28
68 12 24
68 13 27
68 14 22
68 15 21
68 16 24
68 17 24
68 18 21
68 19 29
68 20 26
68 21 19
68 22 25
68 23 29
68 24 23
68 25 20
68 26 27
68 27 27
68 28 18
68 29 22
68 30 23
68 31 24
68 32 25
68 33 19
68 34 26
68 35 23
68 36 24
68 37 22
68 38 25
68 39 19
68 40 24
68 41 22
68 42 27
68 43 25
68 44 25
68 45 10
68 46 26
68 47 21
68 48 12
68 49 20
68 50 20
68 51 24
68 52 24
68 53 0
68 54 8
68 55 13
68 56 23
68 57 28
68 58 0
69 0 0
69 1 22
69 2 16
69 3 23
69 4 21
69 5 24
69 6 22
69 7 24
69 8 22
69 9 24
69 10 28
69 11 25
69 12 28
69 13 22
69 14 23
69 15 29
69 16 20
69 17 25
69 18 25
69 19 21
69 20 26
69 21 20
69 22 23
69 23 23
69 24 20
69 25 23
69 26 26
69 27 23
69 28 26
69 29 23
69 30 23
69 31 23
69 32 26
69 33 23
69 34 29
69 35 22
69 36 24
69 37 19
69 38 22
69 39 28
69 40 28
69 41 25
69 42 20
69 43 26
69 44 21
69 45 25
69 46 22
69 47 27
69 48 25
69 49 25
69 50 22
69 51 20
69 52 20
69 53 0
69 54 3
69 55 20
69 56 19
69 57 17
69 58 0
70 0 0
70 1 22
70 2 20
70 3 17
70 4 26
70 5 29
70 6 25
70 7 29
70 8 21
70 9 23
70 10 29
70 11 20
70 12 21
70 13 20
70 14 26
70 15 24
70 16 27
70 17 29
70 18 25
70 19 28
70 20 24
70 21 28
70 22 27
70 23 18
70 24 18
70 25 22
70 26 21
70 27 19
70 28 23
70 29 20
70 30 25
70 31 23
70 32 25
70 33 26
70 34 28
70 35 18
70 36 20
70 37 22
70 38 25
70 39 28
70 40 27
70 41 25
70 42 20
70 43 20
70 44 19
70 45 25
70 46 26
70 47 25
70 48 26
70 49 21
70 50 17
70 51 23
70 52 21
70 53 0
70 54 10
70 55 0
70 56 27
70 57 17
70 58 0
71 0 0
71 1 20
71 2 21
71 3 11
71 4 24
71 5 22
71 6 24
71 7 20
71 8 23
71 9 19
71 10 22
71 11 25
71 12 21
71 13 22
71 14 25
71 15 22
71 16 29
71 17 25
71 18 27
71 19 26
71 20 19
71 21 23
71 22 25
71 23 22
71 24 26
71 25 26
71 26 22
71 27 24
71 28 25
71 29 23
71 30 23
71 31 19
71 32 23
71 33 22
71 34 25
71 35 26
71 36 20
71 37 15
71 38 26
71 39 20
71 40 20
71 41 15
71 42 29
71 43 28
71 44 20
71 45 15
71 46 19
71 47 20
71 48 20
71 49 25
71 50 19
71 51 27
71 52 28
71 53 0
71 54 0
71 55 0
71 56 20
71 57 9
71 58 0
72 0 0
72 1 25
72 2 21
72 3 23
72 4 26
72 5 19
72 6 21
72 7 28
72 8 19
72 9 18
72 10 28
72 11 24
72 12 21
72 13 29
72 14 26
72 15 26
72 16 20
72 17 25
72 18 24
72 19 22
72 20 24
72 21 22
72 22 25
72 23 20
72 24 23
72 25 22
72 26 23
72 27 19
72 28 23
72 29 20
72 30 16
72 31 27
72 32 25
72 33 22
72 34 19
72 35 25
72 36 21
72 37 27
72 38 29
72 39 21
72 40 22
72 41 28
72 42 21
72 43 12
72 44 16
72 45 22
72 46 22
72 47 21
72 48 24
72 49 18
72 50 23
72 51 22
72 52 21
72 53 0
72 54 0
72 55 2
72 56 0
72 57 13
72 58 0
73 0 0
73 1 0
73 2 25
73 3 29
73 4 20
73 5 19
73 6 28
73 7 24
73 8 26
73 9 23
73 10 29
73 11 29
73 12 24
73 13 28
73 14 28
73 15 23
73 16 22
73 17 29
73 18 20
73 19 26
73 20 20
73 21 25
73 22 28
73 23 26
73 24 24
73 25 26
73 26 21
73 27 18
73 28 26
73 29 23
73 30 20
73 31 18
73 32 19
73 33 19
73 34 24
73 35 12
73 36 21
73 37 22
73 38 26
73 39 24
73 40 20
73 41 21
73 42 20
73 43 20
73 44 19
73 45 24
73 46 22
73 47 26
73 48 25
73 49 22
73 50 17
73 51 24
73 52 21
73 53 0
73 54 3
73 55 0
73 56 0
73 57 15
73 58 0
74 0 0
74 1 0
74 2 24
74 3 26
74 4 19
74 5 26
74 6 28
74 7 27
74 8 26
74 9 21
74 10 22
74 11 25
74 12 25
74 13 26
74 14 29
74 15 24
74 16 27
74 17 25
74 18 26
74 19 24
74 20 28
74 21 18
74 22 26
74 23 27
74 24 25
74 25 25
74 26 21
74 27 24
74 28 28
74 29 19
74 30 25
74 31 21
74 32 18
74 33 23
74 34 25
74 35 25
74 36 19
74 37 22
74 38 22
74 39 20
74 40 19
74 41 26
74 42 25
74 43 19
74 44 27
74 45 24
74 46 18
74 47 22
74 48 21
74 49 28
74 50 29
74 51 21
74 52 26
74 53 0
74 54 10
74 55 9
74 56 19
74 57 2
74 58 0
75 0 0
75 1 23
75 2 20
75 3 15
75 4 10
75 5 26
75 6 23
75 7 28
75 8 23
75 9 29
75 10 21
75 11 28
75 12 27
75 13 22
75 14 20
75 15 22
75 16 27
75 17 28
75 18 25
75 19 26
75 20 20
75 21 24
75 22 26
75 23 23
75 24 27
75 25 25
75 26 21
75 27 21
75 28 22
75 29 14
75 30 20
75 31 16
75 32 23
75 33 27
75 34 21
75 35 13
75 36 16
75 37 25
75 38 24
75 39 24
75 40 22
75 41 19
75 42 28
75 43 25
75 44 19
75 45 18
75 46 22
75 47 28
75 48 28
75 49 24
75 50 28
75 51 22
75 52 26
75 53 0
75 54 16
75 55 17
75 56 15
75 57 18
75 58 0
76 0 0
76 1 23
76 2 23
76 3 21
76 4 22
76 5 24
76 6 24
76 7 24
76 8 27
76 9 24
76 10 28
76 11 25
76 12 21
76 13 25
76 14 25
76 15 23
76 16 28
76 17 22
76 18 25
76 19 20
76 20 19
76 21 21
76 22 29
76 23 26
76 24 29
76 25 25
76 26 23
76 27 26
76 28 16
76 29 21
76 30 19
76 31 23
76 32 25
76 33 20
76 34 29
76 35 23
76 36 27
76 37 28
76 38 20
76 39 22
76 40 23
76 41 26
76 42 29
76 43 20
76 44 22
76 45 28
76 46 18
76 47 27
76 48 22
76 49 26
76 50 20
76 51 26
76 52 1
76 53 26
76 54 20
76 55 19
76 56 23
76 57 24
76 58 0
77 0 0
77 1 22
77 2 14
77 3 28
77 4 21
77 5 24
77 6 29
77 7 17
77 8 20
77 9 21
77 10 26
77 11 28
77 12 21
77 13 28
77 14 26
77 15 23
77 16 23
77 17 23
77 18 28
77 19 20
77 20 22
77 21 24
77 22 26
77 23 20
77 24 23
77 25 27
77 26 27
77 27 16
77 28 22
77 29 17
77 30 28
77 31 19
77 32 27
77 33 17
77 34 24
77 35 19
77 36 21
77 37 21
77 38 20
77 39 23
77 40 25
77 41 15
77 42 29
77 43 28
77 44 29
77 45 20
77 46 20
77 47 27
77 48 23
77 49 17
77 50 14
77 51 15
77 52 0
77 53 9
77 54 16
77 55 13
77 56 11
77 57 22
77 58 0
78 0 0
78 1 26
78 2 18
78 3 19
78 4 11
78 5 28
78 6 25
78 7 21
78 8 27
78 9 23
78 10 20
78 11 19
78 12 28
78 13 21
78 14 21
78 15 25
78 16 26
78 17 26
78 18 25
78 19 24
78 20 25
78 21 25
78 22 21
78 23 23
78 24 22
78 25 24
78 26 27
78 27 20
78 28 23
78 29 20
78 30 21
78 31 20
78 32 20
78 33 21
78 34 28
78 35 25
78 36 25
78 37 26
78 38 23
78 39 27
78 40 26
78 41 27
78 42 26
78 43 12
78 44 12
78 45 22
78 46 1
78 47 22
78 48 27
78 49 27
78 50 22
78 51 21
78 52 26
78 53 20
78 54 23
78 55 18
78 56 11
78 57 22
78 58 0
79 0 0
79 1 18
79 2 27
79 3 20
79 4 18
79 5 24
79 6 25
79 7 29
79 8 23
79 9 18
79 10 22
79 11 18
79 12 25
79 13 26
79 14 21
79 15 24
79 16 21
79 17 17
79 18 25
79 19 25
79 20 24
79 21 21
79 22 18
79 23 24
79 24 24
79 25 19
79 26 18
79 27 16
79 28 15
79 29 16
79 30 27
79 31 23
79 32 24
79 33 21
79 34 19
79 35 21
79 36 19
79 37 26
79 38 22
79 39 27
79 40 25
79 41 20
79 42 18
79 43 15
79 44 18
79 45 14
79 46 26
79 47 0
79 48 19
79 49 11
79 50 4
79 51 18
79 52 16
79 53 16
79 54 2
79 55 9
79 56 12
79 57 18
79 58 0
80 0 0
80 1 13
80 2 18
80 3 12
80 4 25
80 5 17
80 6 24
80 7 25
80 8 20
80 9 21
80 10 23
80 11 23
80 12 25
80 13 22
80 14 18
80 15 25
80 16 21
80 17 22
80 18 20
80 19 26
80 20 24
80 21 0
80 22 17
80 23 17
80 24 24
80 25 19
80 26 18
80 27 23
80 28 23
80 29 20
80 30 26
80 31 22
80 32 29
80 33 22
80 34 25
80 35 22
80 36 20
80 37 27
80 38 25
80 39 18
80 40 0
80 41 7
80 42 4
80 43 10
80 44 11
80 45 21
80 46 4
80 47 16
80 48 10
80 49 15
80 50 9
80 51 19
80 52 14
80 53 0
80 54 0
80 55 0
80 56 0
80 57 0
80 58 0
81 0 0
81 1 0
81 2 0
81 3 0
81 4 0
81 5 0
81 6 0
81 7 0
81 8 0
81 9 0
81 10 0
81 11 0
81 12 0
81 13 0
81 14 0
81 15 0
81 16 0
81 17 0
81 18 0
81 19 0
81 20 0
81 21 0
81 22 0
81 23 0
81 24 0
81 25 0
81 26 0
81 27 0
81 28 0
81 29 0
81 30 0
81 31 0
81 32 0
81 33 0
81 34 0
81 35 0
81 36 0
81 37 0
81 38 0
81 39 0
81 40 0
81 41 0
81 42 0
81 43 0
81 44 0
81 45 0
81 46 0
81 47 0
81 48 0
81 49 0
81 50 0
81 51 0
81 52 0
81 53 0
81 54 0
81 55 0
81 56 0
81 57 0
81 58 0
